================================================================================
AWS Cloud Practitioner
================================================================================
Rows : 1335
First : 34
Last  : 109712
Mean gap : 82.22
Median gap : 55.0
Min gap : 1
Max gap : 795

First 100 indices:
[  34   69   88  198  382  387  427  467  475  548  909  972  980 1015
 1079 1200 1294 1478 1540 1594 1952 2024 2119 2188 2319 2650 2884 2953
 3213 3390 3399 3468 3496 3600 3623 3669 3691 3753 3830 3877 3993 4024
 4256 4335 4454 4455 4458 4557 4560 4649 4742 4761 4805 4872 4892 5014
 5152 5189 5198 5239 5266 5293 5394 5451 5552 5604 5704 5708 5807 5988
 6086 6114 6123 6137 6323 6356 6421 6498 6553 6630 6936 7084 7222 7369
 7404 7457 7521 7584 7702 7775 8005 8146 8148 8152 8184 8193 8326 8373
 8503 8582]

================================================================================
AWS Solutions Architect
================================================================================
Rows : 1408
First : 10
Last  : 109768
Mean gap : 78.01
Median gap : 53.0
Min gap : 1
Max gap : 735

First 100 indices:
[  10   46   50  234  236  242  367  404  586  607  615  663  666  837
  864  961 1563 1714 1741 1812 1872 2110 2135 2191 2194 2458 2531 2651
 2730 2732 2906 3034 3104 3211 3214 3382 3401 3405 3543 3662 3821 3860
 3902 3944 4056 4172 4308 4391 4397 4495 4614 4827 4939 4985 4994 5084
 5163 5253 5288 5621 5688 5743 5787 5799 5902 5943 6099 6128 6141 6256
 6306 6395 6458 6488 6662 6698 6712 6737 6750 6781 6836 7046 7103 7227
 7303 7391 7455 7598 7679 7735 7822 7998 8220 8228 8356 8541 8741 8742
 8747 8758]

================================================================================
Advanced Java and Spring Boot
================================================================================
Rows : 1386
First : 130
Last  : 109746
Mean gap : 79.15
Median gap : 57.0
Min gap : 1
Max gap : 569

First 100 indices:
[ 130  161  166  176  305  346  366  595  625  680  803  887  920 1008
 1010 1108 1128 1238 1310 1465 1646 1680 1906 1927 1938 1993 2047 2048
 2131 2158 2189 2292 2390 2527 2711 2756 2819 3010 3071 3191 3273 3284
 3310 3499 3522 3642 3746 3780 3803 3867 3990 4051 4077 4192 4407 4563
 4618 4675 4735 4787 4801 4885 5030 5144 5212 5220 5264 5273 5374 5457
 5471 5530 5654 5765 5805 5815 5940 6036 6180 6281 6304 6572 6721 6744
 6746 6790 6822 7313 7416 7681 7817 7835 7879 7883 8035 8045 8053 8159
 8200 8222]

================================================================================
Advanced Neural Networks
================================================================================
Rows : 1408
First : 54
Last  : 109718
Mean gap : 77.94
Median gap : 54.0
Min gap : 1
Max gap : 685

First 100 indices:
[  54   57  127  170  201  525  533  710  938  976 1000 1076 1157 1305
 1392 1503 1565 1627 1805 1923 2029 2030 2068 2093 2251 2450 2683 2741
 2938 2957 2973 3050 3125 3180 3242 3270 3355 3502 3727 3994 4001 4086
 4113 4342 4480 4542 4715 4867 4894 5101 5260 5332 5379 5430 5670 5690
 5702 5745 5748 5882 6014 6068 6197 6213 6389 6419 6504 6554 6567 6621
 6832 6968 7054 7097 7285 7544 7649 7688 7810 7980 8002 8175 8362 8663
 8667 8679 8847 8860 8873 8877 9098 9112 9181 9209 9231 9417 9477 9480
 9599 9604]

================================================================================
Advanced Python Development
================================================================================
Rows : 1352
First : 42
Last  : 109653
Mean gap : 81.13
Median gap : 57.0
Min gap : 1
Max gap : 540

First 100 indices:
[  42   83  107  202  232  483  590  626  660  748  759  801  819  904
 1026 1129 1263 1266 1344 1359 1400 1471 1608 1624 1638 1666 1672 1675
 1742 1780 1837 1867 1884 1970 2221 2392 2409 2462 2609 2979 3141 3147
 3159 3172 3186 3393 3664 3690 3705 3742 3820 3938 4000 4093 4316 4325
 4340 4413 4644 4665 4917 4935 4940 5168 5182 5205 5231 5382 5455 5464
 5610 5754 5847 6073 6209 6352 6480 6483 6564 6674 6694 6773 6816 6844
 6955 6957 6997 7028 7237 7255 7279 7315 7453 7487 7529 7747 7792 7965
 7977 8043]

================================================================================
Advanced SQL and Query Optimization
================================================================================
Rows : 1442
First : 7
Last  : 109763
Mean gap : 76.17
Median gap : 54.0
Min gap : 1
Max gap : 628

First 100 indices:
[   7   62   74  145  205  241  360  381  460  696  751 1067 1074 1093
 1119 1145 1148 1245 1249 1293 1341 1406 1513 1530 1662 1694 1698 1790
 1878 1991 2070 2219 2238 2287 2323 2345 2418 2526 2550 2855 2928 2969
 3054 3148 3150 3206 3261 3361 3586 3656 3725 3788 3790 3816 3849 3912
 3957 3959 3963 3975 3977 4009 4170 4174 4217 4307 4339 4393 4418 4481
 4508 4623 4626 4638 4802 4874 4954 5032 5090 5164 5255 5281 5339 5395
 5491 5593 5813 6070 6150 6152 6173 6241 6286 6298 6560 6602 6699 6745
 6776 6875]

================================================================================
Android App Development
================================================================================
Rows : 1403
First : 121
Last  : 109755
Mean gap : 78.20
Median gap : 51.5
Min gap : 1
Max gap : 533

First 100 indices:
[ 121  342  412  416  463  472  485  813 1124 1152 1321 1351 1466 1536
 1579 1696 1890 2344 2385 2443 2555 2572 2628 2649 2672 2793 2966 2972
 3029 3142 3320 3346 3358 3422 3436 3454 3482 3704 3857 3878 3883 3972
 4047 4179 4212 4243 4573 4628 4783 4904 4950 5010 5036 5052 5074 5185
 5225 5299 5306 5320 5362 5459 5472 5579 5692 5873 5927 5975 6120 6253
 6282 6314 6574 6608 6757 6797 6850 7080 7085 7275 7295 7375 7463 7480
 7550 7609 7664 7772 7891 7907 7944 7979 8102 8293 8395 8430 8472 8735
 8908 8988]

================================================================================
Angular Framework Essentials
================================================================================
Rows : 1352
First : 91
Last  : 109628
Mean gap : 81.08
Median gap : 56.0
Min gap : 1
Max gap : 579

First 100 indices:
[  91  135  143  219  263  267  312  319  451  482  537  665  675  802
  922  929  949 1002 1054 1078 1239 1283 1296 1300 1381 1382 1418 1436
 1604 1637 1774 1804 1937 2106 2113 2141 2300 2431 2630 2861 3040 3075
 3090 3097 3151 3360 3395 3430 3613 3782 3992 4023 4143 4318 4653 4654
 4784 4818 4821 4825 4858 4900 4918 5136 5242 5454 5470 5474 5476 5507
 5555 5749 5938 5994 6003 6149 6263 6403 6415 6465 6549 6582 6586 6729
 6878 7016 7020 7056 7095 7107 7149 7321 7411 7420 7483 7523 7613 7661
 7793 7832]

================================================================================
Apache Kafka for Real-time Data
================================================================================
Rows : 1336
First : 133
Last  : 109749
Mean gap : 82.11
Median gap : 60.0
Min gap : 1
Max gap : 814

First 100 indices:
[ 133  152  301  373  429  539  583  630  649  657  794  828  852  893
  931  947 1041 1048 1162 1169 1252 1297 1417 1428 1562 1585 1695 1702
 1705 1797 1834 1885 2011 2301 2415 2501 2763 2767 2809 2862 2899 3078
 3079 3238 3299 3300 3301 3412 3459 3497 3541 3596 3644 3677 3739 3812
 3989 4048 4054 4189 4328 4356 4380 4386 4441 4456 4590 4839 4915 4958
 5082 5137 5158 5304 5413 5429 5462 5510 5525 5578 5590 5679 5682 5838
 5908 6057 6165 6247 6307 6390 6558 6622 6628 6665 6794 6826 7128 7342
 7349 7379]

================================================================================
Azure Fundamentals
================================================================================
Rows : 1412
First : 122
Last  : 109757
Mean gap : 77.70
Median gap : 54.0
Min gap : 1
Max gap : 557

First 100 indices:
[ 122  240  255  271  353  430  455  670  723  727  787  792  838  907
  966 1217 1219 1271 1280 1316 1325 1331 1334 1505 1524 1572 1614 1683
 1846 1899 1971 2065 2071 2166 2275 2282 2331 2445 2561 2677 2774 2831
 3161 3432 3648 3702 3778 3806 3815 3951 3988 4022 4028 4053 4165 4223
 4242 4388 4395 4524 4661 4723 4726 4765 4770 4777 4930 4957 5051 5297
 5324 5352 5401 5516 5551 5573 5583 5584 5596 5630 5639 5721 5763 5797
 5893 5954 6034 6133 6155 6210 6349 6364 6425 6426 6455 6681 6710 6845
 6885 6958]

================================================================================
Bayesian Statistics
================================================================================
Rows : 1387
First : 187
Last  : 109554
Mean gap : 78.91
Median gap : 56.0
Min gap : 1
Max gap : 640

First 100 indices:
[ 187  282  362  385  414  417  536  588  812  883  891  955 1036 1186
 1240 1364 1404 1409 1497 1595 1651 1743 1905 1918 1996 2010 2045 2054
 2126 2137 2164 2211 2317 2496 2844 2903 3011 3013 3028 3081 3155 3192
 3204 3210 3282 3403 3440 3530 3607 3641 3654 3762 3872 4095 4115 4163
 4257 4267 4521 4543 4550 4599 4720 4817 4819 4927 5020 5146 5193 5468
 5481 5506 5518 5810 5937 6023 6026 6124 6157 6427 6468 6545 6905 6985
 6992 7129 7246 7282 7353 7471 7547 7647 7756 7825 8010 8086 8254 8265
 8394 8404]

================================================================================
Blockchain Development
================================================================================
Rows : 1403
First : 5
Last  : 109710
Mean gap : 78.25
Median gap : 57.0
Min gap : 1
Max gap : 578

First 100 indices:
[   5   22  114  173  375  459  511  530  726  848  896  934  957 1089
 1143 1318 1467 1483 1943 2057 2059 2149 2237 2333 2370 2399 2473 2528
 2577 2611 2725 2985 3068 3091 3112 3127 3475 3533 3564 3750 3770 3786
 3819 3904 4108 4324 4346 4382 4392 4394 4493 4518 4608 4737 4743 4851
 4908 4947 4968 4990 5058 5179 5215 5222 5250 5251 5309 5348 5486 5617
 5832 5880 5956 5962 6051 6085 6094 6109 6115 6117 6176 6214 6391 6510
 6535 6661 6862 6935 7022 7059 7071 7101 7364 7445 7516 7633 7739 7787
 7934 8064]

================================================================================
C Plus Plus Programming Essentials
================================================================================
Rows : 1381
First : 58
Last  : 109750
Mean gap : 79.49
Median gap : 55.5
Min gap : 1
Max gap : 683

First 100 indices:
[  58   85  118  171  206  457  565  845  970 1286 1303 1320 1356 1556
 1566 1681 1788 1791 1794 1814 1851 1979 1987 2035 2053 2132 2187 2294
 2356 2441 2444 2601 2624 2806 3023 3035 3036 3490 3491 3532 3675 3676
 3759 3829 3885 3991 4010 4039 4044 4327 4332 4338 4444 4520 4549 4616
 5117 5170 5236 5307 5367 5497 5519 5693 5733 5760 5842 5879 5939 5972
 6083 6177 6205 6332 6333 6365 6417 6522 6544 6653 6659 6667 6807 6825
 7160 7195 7265 7362 7552 7571 7767 7876 8001 8138 8177 8264 8384 8559
 8642 8661]

================================================================================
CI CD Pipeline Setup
================================================================================
Rows : 1356
First : 24
Last  : 109701
Mean gap : 80.94
Median gap : 55.0
Min gap : 1
Max gap : 876

First 100 indices:
[  24   94  136  144  184  352  461  538  579  640  724  753  861  876
  882  913  916  939  945 1021 1045 1053 1352 1445 1510 1621 1718 1733
 1813 1853 1902 1907 2002 2006 2154 2168 2192 2306 2480 2581 2678 2842
 2945 3006 3257 3308 3476 3486 3545 3558 3713 3752 3875 3911 4014 4080
 4123 4208 4283 4303 4460 4468 4677 4694 4873 4884 4937 4951 5033 5103
 5157 5372 5415 5421 5484 5644 5653 5698 5738 5828 5920 5945 5948 6040
 6096 6191 6336 6338 6347 6363 6440 6460 6474 6484 6578 6649 6926 6973
 7155 7221]

================================================================================
Calculus for Data Science
================================================================================
Rows : 1346
First : 14
Last  : 109682
Mean gap : 81.54
Median gap : 55.0
Min gap : 1
Max gap : 590

First 100 indices:
[  14   39   80  345  374  619  650  674  687  734  747  978  984 1126
 1220 1481 1502 1600 1684 1726 1821 1883 1948 1953 1998 2001 2170 2389
 2451 2474 2742 2750 2762 2791 2888 2955 3128 3227 3329 3391 3408 3500
 3513 3544 3595 3625 3866 4097 4167 4345 4526 4546 4650 4692 4712 4719
 4871 4986 5142 5223 5226 5310 5388 5652 5669 5714 5720 5741 5836 5845
 5889 5963 6001 6142 6162 6232 6397 6429 6500 6511 6523 6638 6639 6666
 6727 6841 6867 6884 6900 6922 7021 7086 7118 7199 7220 7343 7384 7513
 7594 7689]

================================================================================
Computer Vision with OpenCV
================================================================================
Rows : 1394
First : 64
Last  : 109657
Mean gap : 78.67
Median gap : 55.0
Min gap : 1
Max gap : 664

First 100 indices:
[  64   67  111  137  317  351  484  510  512  584  599  646  653  709
  746  755  914  959  960 1031 1116 1117 1141 1199 1290 1385 1387 1412
 1501 1636 1691 1750 2102 2151 2156 2174 2227 2305 2567 2592 2629 2661
 2785 2865 2887 2895 3027 3157 3296 3318 3493 3526 3731 3738 3748 3801
 3926 4018 4026 4055 4178 4207 4306 4434 4909 4923 4933 5057 5147 5368
 5456 5461 5529 5556 5558 5568 5572 5659 5667 5785 5823 5897 5941 6183
 6301 6433 6512 6568 6652 6843 6896 6948 7017 7243 7259 7425 7434 7443
 7510 7514]

================================================================================
Cybersecurity Fundamentals
================================================================================
Rows : 1342
First : 73
Last  : 109636
Mean gap : 81.70
Median gap : 58.0
Min gap : 1
Max gap : 764

First 100 indices:
[  73   81  128  186  324  357  409  464  479  604  616  840  850 1097
 1122 1155 1187 1227 1250 1415 1539 1552 1677 1877 1936 2140 2309 2427
 2479 2579 2626 2644 2690 2761 2782 2828 2847 2863 3063 3133 3271 3316
 3367 3435 3457 3626 3650 3719 3798 3843 3884 3924 3987 4012 4116 4158
 4191 4364 4435 4465 4482 4580 4606 4752 4793 4812 4830 4841 4905 4943
 5178 5409 5632 5710 5761 5773 5829 5951 5974 6047 6251 6294 6517 6664
 6670 6956 6980 7029 7069 7196 7310 7352 7361 7368 7435 7473 7541 7582
 7644 7669]

================================================================================
Data Analysis with Pandas
================================================================================
Rows : 1388
First : 124
Last  : 109570
Mean gap : 78.91
Median gap : 55.0
Min gap : 1
Max gap : 533

First 100 indices:
[ 124  260  270  291  445  450  493  574  754  761  799  886  927  989
 1009 1051 1132 1357 1380 1489 1493 1514 1574 1644 1820 1861 1904 1962
 2000 2157 2397 2534 2552 2613 2645 2696 2880 2882 2963 3009 3042 3098
 3108 3116 3135 3137 3277 3487 3694 3892 3907 3922 4057 4120 4287 4302
 4385 4415 4459 4483 4541 4558 4601 4724 4955 5109 5145 5265 5378 5475
 5521 5740 5744 5747 5816 5930 6103 6186 6199 6268 6299 6318 6319 6355
 6374 6423 6451 6476 6537 6693 6906 7000 7051 7076 7142 7144 7194 7269
 7271 7386]

================================================================================
Data Engineering with Apache Spark
================================================================================
Rows : 1310
First : 92
Last  : 109626
Mean gap : 83.68
Median gap : 56.0
Min gap : 1
Max gap : 564

First 100 indices:
[  92  254  266  521  601  636  647  692  711  867  881  906  987 1043
 1138 1183 1298 1475 1629 1879 1983 2034 2138 2334 2472 2487 2505 2507
 2564 2606 2648 2739 2800 2808 2833 2866 2977 3080 3421 3450 3599 3620
 3916 3918 3978 4061 4090 4259 4289 4350 4360 4513 4533 4539 4669 4672
 4722 4750 4754 4881 4962 5191 5201 5278 5422 5434 5523 5619 5711 5781
 5817 6064 6228 6230 6231 6548 6557 6658 6680 6803 6817 6865 6908 6981
 7299 7592 7646 7671 7693 7703 7709 7779 7784 8095 8119 8130 8309 8358
 8416 8490]

================================================================================
Data Visualization with Matplotlib
================================================================================
Rows : 1323
First : 45
Last  : 109761
Mean gap : 82.99
Median gap : 59.0
Min gap : 1
Max gap : 539

First 100 indices:
[  45  155  190  300  403  488  494  585  716  718  805  839  872  990
 1073 1104 1192 1247 1277 1399 1439 1511 1567 1580 1596 1635 1661 1768
 1795 1866 1895 1949 1981 2291 2386 2419 2466 2576 2759 2846 2993 3061
 3312 3337 3851 3913 3932 4203 4255 4368 4511 4527 4545 4583 4637 4734
 5199 5216 5349 5414 5587 5636 5663 5675 5732 5737 5758 5764 5868 5942
 6016 6092 6125 6172 6212 6285 6379 6404 6442 6472 6824 6916 6925 6972
 7066 7257 7298 7482 7499 7690 7887 7896 8006 8085 8094 8127 8167 8405
 8479 8498]

================================================================================
Data Warehouse Design
================================================================================
Rows : 1369
First : 175
Last  : 109567
Mean gap : 79.96
Median gap : 58.0
Min gap : 1
Max gap : 625

First 100 indices:
[ 175  294  361  453  454  596  681  705  918  921  923  956 1062 1106
 1123 1142 1165 1272 1374 1451 1532 1570 1575 1602 1692 1773 1785 1842
 1869 2026 2087 2120 2202 2212 2511 2546 2766 2803 3105 3281 3306 3418
 3444 3636 3707 3733 3836 3882 3960 4034 4127 4230 4232 4245 4246 4260
 4269 4301 4374 4471 4588 5009 5025 5034 5211 5227 5252 5277 5358 5505
 5933 6000 6004 6041 6055 6154 6169 6175 6194 6292 6300 6302 6367 6486
 6534 6612 6650 6856 6857 6892 6923 6966 6970 6975 7003 7119 7126 7253
 7374 7493]

================================================================================
Database Performance Tuning
================================================================================
Rows : 1374
First : 44
Last  : 109715
Mean gap : 79.88
Median gap : 56.0
Min gap : 1
Max gap : 510

First 100 indices:
[  44  213  356  447  480  499  500  617  698  732  879  880 1066 1086
 1211 1443 1564 1599 1617 1818 1932 2095 2224 2340 2377 2442 2493 2565
 2632 2746 2872 2891 3018 3182 3265 3439 3529 3554 3591 3673 3845 3937
 3984 4101 4111 4139 4146 4248 4276 4312 4329 4467 4615 4671 4687 4707
 4755 4848 4916 4978 4997 5018 5027 5067 5141 5292 5333 5380 5426 5534
 5580 5643 5755 5822 5876 5900 5980 6310 6371 6388 6700 6748 6756 6847
 6859 6880 6967 7042 7121 7232 7287 7297 7327 7414 7451 7485 7519 7539
 7769 7967]

================================================================================
Deep Learning with PyTorch
================================================================================
Rows : 1397
First : 23
Last  : 109774
Mean gap : 78.62
Median gap : 53.0
Min gap : 1
Max gap : 558

First 100 indices:
[  23   31   95  174  252  330  383  506  519  597  897  975 1087 1180
 1269 1311 1549 1558 1775 2123 2169 2204 2218 2288 2312 2437 2484 2633
 2709 2716 2747 2789 2807 2834 2935 2982 3024 3088 3140 3407 3414 3416
 3437 3546 3629 3842 3954 4004 4005 4094 4147 4182 4372 4430 4431 4571
 4620 4678 4832 4903 4922 4982 5040 5080 5113 5114 5270 5319 5327 5514
 5515 6013 6033 6158 6203 6252 6401 6492 6536 6592 6647 6690 6806 6858
 6877 6918 6940 6942 7030 7053 7140 7152 7207 7291 7641 7732 7748 7764
 7811 7853]

================================================================================
Deep Learning with TensorFlow
================================================================================
Rows : 1395
First : 1
Last  : 109767
Mean gap : 78.74
Median gap : 54.0
Min gap : 1
Max gap : 583

First 100 indices:
[   1  134  140  218  230  639  778  797  800  821  823 1017 1068 1284
 1292 1369 1442 1453 1655 1901 1919 2058 2143 2205 2394 2459 2701 2715
 2768 2798 2801 2845 3025 3056 3237 3239 3248 3259 3461 3470 3547 3579
 3715 3734 3785 3825 3828 3899 3908 4162 4268 4354 4401 4528 4537 4745
 4762 5006 5115 5134 5245 5441 5564 5574 5597 5673 5724 5734 5795 6112
 6195 6201 6527 6569 6629 6654 6988 7039 7106 7136 7146 7209 7305 7340
 7468 7477 7517 7576 7621 7916 8060 8143 8168 8178 8214 8292 8304 8335
 8487 8624]

================================================================================
DevOps Practices and Tools
================================================================================
Rows : 1420
First : 51
Last  : 109713
Mean gap : 77.28
Median gap : 56.0
Min gap : 1
Max gap : 657

First 100 indices:
[  51   98  185  225  280  396  401  471  752  860  889  950  997 1091
 1154 1167 1257 1340 1348 1353 1414 1462 1495 1531 1615 1719 1852 1931
 2316 2337 2414 2424 2541 2556 2620 2638 2682 2707 2830 2897 3086 3094
 3121 3144 3184 3202 3274 3348 3371 3431 3590 3637 3687 3772 3802 3886
 3997 4151 4226 4305 4477 4581 4686 4781 5438 5550 5645 5660 5784 6048
 6079 6221 6280 6284 6350 6513 6550 6606 6632 6673 6830 7153 7168 7189
 7210 7357 7402 7424 7653 7656 7716 7803 7888 7955 8032 8093 8151 8198
 8290 8302]

================================================================================
Django Web Framework
================================================================================
Rows : 1351
First : 55
Last  : 109707
Mean gap : 81.22
Median gap : 58.0
Min gap : 1
Max gap : 640

First 100 indices:
[  55   56  100  110  172  222  286  299  350  408  532  575  593  667
  708  790  791  847  858  933  979 1007 1013 1080 1101 1168 1402 1482
 1520 1640 1749 1764 1767 1832 1845 2152 2176 2186 2286 2324 2365 2471
 2490 2537 2675 2868 3014 3019 3195 3241 3347 3362 3518 3588 3630 3661
 3723 3859 3861 3929 3958 4031 4081 4221 4258 4293 4498 4534 4629 4642
 4652 4663 4753 4811 4890 5049 5055 5104 5118 5241 5279 5291 5347 5635
 5680 5697 5791 5812 5913 6019 6147 6337 6505 6637 6751 6778 6801 6840
 6872 6995]

================================================================================
Docker and Containerization
================================================================================
Rows : 1360
First : 119
Last  : 109759
Mean gap : 80.68
Median gap : 55.0
Min gap : 1
Max gap : 582

First 100 indices:
[ 119  337  418  468  486  524  551  811  842  854  905  935  951  964
 1065 1221 1260 1295 1339 1450 1538 1609 1671 1673 1674 1712 1859 1874
 1900 1959 1989 2171 2235 2271 2348 2373 2375 2446 2549 2604 2618 2656
 2804 2980 2994 3197 3212 3293 3314 3339 3481 3575 3628 3717 3855 3871
 3898 3981 4126 4153 4186 4264 4424 4555 4578 4708 4823 5233 5271 5340
 5351 5357 5858 5859 5952 6098 6107 6218 6250 6288 6329 6378 6387 6579
 6831 7007 7008 7260 7270 7317 7323 7532 7540 7561 7713 7724 7857 7969
 8112 8115]

================================================================================
ETL Pipeline Development
================================================================================
Rows : 1409
First : 9
Last  : 109375
Mean gap : 77.67
Median gap : 54.0
Min gap : 1
Max gap : 671

First 100 indices:
[   9   59  126  200  209  229  237  247  302  392  436  567  581  592
  635  689  690  720  729  760  942  982 1113 1326 1337 1376 1555 1568
 1601 1827 1940 2125 2161 2256 2265 2330 2369 2405 2438 2448 2489 2491
 2515 2710 2871 2990 3030 3070 3089 3216 3354 3527 3552 3649 3693 3714
 3930 3955 4033 4042 4261 4414 4421 4547 4603 4701 4727 4840 4856 4956
 4998 5011 5110 5328 5337 5366 5620 5777 5878 5899 5944 6236 6290 6370
 6430 6494 6501 6531 6605 6678 6707 6771 6945 7072 7240 7301 7350 7370
 7441 7538]

================================================================================
Embedded Systems Programming
================================================================================
Rows : 1366
First : 12
Last  : 109762
Mean gap : 80.40
Median gap : 56.0
Min gap : 1
Max gap : 701

First 100 indices:
[  12   16   65  296  343  541  555  563  691  779  890 1064 1084 1171
 1373 1395 1423 1441 1529 1542 1560 1603 1789 1807 2108 2362 2525 2571
 2625 2998 3100 3102 3224 3479 3559 3601 3602 3827 3839 3888 3895 3905
 4141 4161 4181 4506 4512 4593 4600 4738 4844 4857 4960 5195 5329 5356
 5360 5657 5664 5726 5775 5840 5890 5970 6012 6021 6171 6174 6242 6245
 6322 6358 6406 6542 6594 6618 6624 6633 6684 6814 6827 6978 6986 7055
 7122 7154 7166 7183 7200 7219 7381 7511 7616 7627 7683 7928 8038 8062
 8139 8161]

================================================================================
Ethical Hacking Basics
================================================================================
Rows : 1337
First : 17
Last  : 109766
Mean gap : 82.15
Median gap : 61.5
Min gap : 1
Max gap : 512

First 100 indices:
[  17  123  227  257  378  421  572  587  594  610  662  671  782  865
 1055 1147 1234 1301 1313 1396 1477 1496 1500 1561 1706 1711 1763 1830
 1858 1915 1925 1984 2112 2114 2268 2310 2461 2543 2714 2898 2965 3015
 3060 3106 3198 3207 3225 3226 3228 3322 3389 3396 3411 3420 3462 3640
 3659 3807 3896 3996 4032 4050 4063 4091 4157 4188 4220 4304 4438 4484
 4492 4496 4611 4646 4716 4866 4971 4987 5133 5186 5208 5295 5341 5427
 5428 5872 5995 6053 6159 6265 6311 6434 6435 6515 6609 6833 6866 6938
 7138 7286]

================================================================================
Excel for Data Analysis
================================================================================
Rows : 1324
First : 30
Last  : 109703
Mean gap : 82.90
Median gap : 55.0
Min gap : 1
Max gap : 1108

First 100 indices:
[  30  167  221  303  349  400  424  672  796  820 1046 1056 1195 1201
 1226 1251 1262 1273 1372 1377 1512 1573 1591 1592 1732 1810 1922 1964
 1967 1978 2040 2050 2252 2273 2277 2388 2598 2602 2622 2792 2822 2824
 3021 3134 3185 3305 3323 3375 3394 3446 3452 3464 3501 3569 3576 3632
 3794 3817 3891 4067 4096 4109 4344 4402 4432 4463 4500 4538 4624 4759
 4779 4870 4914 5112 5190 5229 5303 5365 5396 5449 5489 5540 5561 5611
 5683 5909 6002 6418 6431 6589 6668 6685 6717 6736 6786 6911 6990 6998
 7098 7114]

================================================================================
Exploratory Data Analysis
================================================================================
Rows : 1363
First : 66
Last  : 109683
Mean gap : 80.48
Median gap : 57.0
Min gap : 1
Max gap : 564

First 100 indices:
[  66   87  125  180  217  332  439  514  523  531  547  764  869  871
  888  958 1058 1204 1288 1367 1598 1626 1722 1766 1783 1939 1954 1974
 2104 2116 2240 2349 2403 2423 2688 2723 2760 2799 2835 2854 2860 2930
 2948 3262 3392 3419 3643 3679 3686 3863 4225 4525 4602 4696 4705 4713
 4771 4816 4913 4952 5138 5282 5338 5398 5400 5411 5420 5499 5537 5549
 5707 5735 5905 6006 6035 6145 6206 6208 6497 6562 6626 6642 6691 6760
 6800 6894 6939 6984 7006 7205 7244 7356 7401 7625 7730 7804 7859 7932
 8090 8101]

================================================================================
Feature Engineering for ML
================================================================================
Rows : 1376
First : 103
Last  : 109748
Mean gap : 79.74
Median gap : 55.0
Min gap : 1
Max gap : 668

First 100 indices:
[ 103  115  132  295  376  388  402  415  456  606  664  877 1047 1070
 1072 1085 1125 1322 1434 1480 1527 1631 1854 1990 2097 2185 2276 2368
 2408 2705 2753 2771 2825 2901 2905 3064 3162 3246 3255 3465 3605 3710
 3728 3743 4333 4666 4860 4921 4961 4974 4999 5129 5169 5172 5196 5290
 5331 5354 5502 5638 5671 5776 5780 5870 5936 6118 6161 6181 6369 6376
 6380 6381 6446 6478 6565 6711 6758 6766 6785 6820 6829 6934 7018 7048
 7057 7065 7151 7216 7224 7466 7475 7618 7691 7694 7714 7807 7813 7895
 7915 7924]

================================================================================
Flask API Development
================================================================================
Rows : 1438
First : 25
Last  : 109700
Mean gap : 76.32
Median gap : 51.0
Min gap : 1
Max gap : 589

First 100 indices:
[  25   52   61  106  148  183  194  292  328  444  529  715  721  728
  738  900  946  973  991  992 1006 1057 1115 1231 1248 1307 1427 1437
 1525 1645 1648 1796 1798 1817 1875 2031 2037 2146 2150 2234 2261 2411
 2413 2452 2540 2631 2670 2706 2718 2794 2826 2843 2889 2923 2936 3039
 3136 3290 3336 3340 3443 3568 3635 3768 3814 3833 3837 3850 3856 4035
 4121 4125 4177 4187 4201 4262 4440 4462 4479 4582 4655 4680 4774 5100
 5130 5153 5240 5305 5334 5355 5410 5467 5500 5559 5631 5678 5712 5716
 5750 5772]

================================================================================
Flutter Cross Platform Apps
================================================================================
Rows : 1413
First : 97
Last  : 109559
Mean gap : 77.52
Median gap : 53.5
Min gap : 1
Max gap : 541

First 100 indices:
[  97  139  214  256  359  489  542  645 1069 1140 1156 1184 1587 1612
 1654 1708 1778 1850 2207 2223 2289 2523 2697 2840 2951 2952 3349 3350
 3417 3492 3549 3666 3777 3893 3940 3995 4038 4103 4193 4284 4351 4396
 4625 4657 4660 4691 4749 4773 4788 4794 4883 5038 5093 5135 5148 5175
 5312 5477 5527 5586 5618 5626 5728 5729 5753 5851 5959 5971 6042 6046
 6184 6226 6339 6345 6377 6398 6456 6457 6597 6677 6695 6708 6871 6883
 7041 7058 7182 7186 7231 7355 7479 7505 7696 7727 7774 7797 7799 7905
 8109 8113]

================================================================================
Generative AI and Prompt Engineering
================================================================================
Rows : 1391
First : 43
Last  : 109670
Mean gap : 78.87
Median gap : 54.0
Min gap : 1
Max gap : 559

First 100 indices:
[  43   78   96  228  288  341  348  487  520  522  571  602  621  644
  703  737  757  815  829 1035 1287 1314 1533 1620 1710 1721 1822 2032
 2124 2127 2167 2215 2216 2230 2270 2318 2355 2371 2372 2591 2692 2851
 2896 2918 2983 2997 3099 3160 3170 3222 3233 3292 3309 3324 3366 3455
 3512 3524 3589 3920 3947 3980 4027 4043 4106 4133 4166 4466 4572 4780
 4850 4902 4919 5139 5151 5161 5342 5517 5546 5566 5616 5705 5713 5848
 5857 6076 6262 6326 6409 6502 6718 6728 6775 6777 6838 6994 7075 7088
 7191 7211]

================================================================================
Git and GitHub Mastery
================================================================================
Rows : 1334
First : 4
Last  : 109764
Mean gap : 82.34
Median gap : 58.0
Min gap : 1
Max gap : 492

First 100 indices:
[   4  109  160  298  307  308  325  561  643  763  765  875  917 1039
 1042 1170 1253 1346 1425 1458 1590 1848 2025 2067 2073 2128 2220 2569
 2582 2608 2647 2685 2728 2838 2920 3083 3179 3331 3565 3581 3703 3706
 3726 3736 3776 3945 3964 3982 4046 4104 4313 4398 4447 4469 4517 4792
 4813 4843 4977 5039 5154 5219 5315 5346 5383 5416 5417 5465 5528 5730
 5990 6062 6077 6126 6164 6239 6271 6420 6509 6742 6762 7024 7040 7087
 7109 7192 7204 7273 7423 7438 7534 7535 7556 7639 7642 7708 7903 7904
 7953 7962]

================================================================================
Go Language for Backend
================================================================================
Rows : 1403
First : 157
Last  : 109622
Mean gap : 78.08
Median gap : 55.0
Min gap : 1
Max gap : 694

First 100 indices:
[ 157  283  284  377  406  509  566  576  694  722  743  836  919 1020
 1095 1213 1315 1386 1422 1725 2023 2033 2063 2080 2098 2199 2278 2329
 2336 2396 2463 2509 2522 2589 2694 2796 2870 2908 2915 2981 2986 3084
 3123 3219 3288 3378 3433 3612 3627 3645 3681 3804 3854 3919 3921 4135
 4168 4291 4532 4536 4785 4797 5156 5202 5343 5405 5498 5533 5562 5569
 5647 5770 5830 5985 6308 6342 6452 6532 6538 6551 6571 6623 6657 6671
 6770 6774 6779 6784 6976 7012 7082 7112 7258 7346 7444 7500 7524 7560
 7654 7733]

================================================================================
Google Cloud Platform Basics
================================================================================
Rows : 1344
First : 26
Last  : 109751
Mean gap : 81.70
Median gap : 57.0
Min gap : 1
Max gap : 567

First 100 indices:
[  26  191  304  365  368  372  448  449  481  503  620  770  771  825
  903  924 1127 1218 1370 1440 1452 1616 1727 1753 1965 1976 2015 2075
 2084 2099 2136 2250 2554 2671 2689 2708 2751 2802 2876 2933 3045 3176
 3205 3280 3287 3327 3376 3563 3584 3663 3665 3720 3865 3874 4002 4011
 4171 4213 4263 4280 4294 4370 4404 4426 4490 4522 4630 4634 4674 4806
 4820 4842 5021 5046 5203 5325 5336 5541 5581 5825 5839 5866 5903 5923
 5969 6100 6327 6436 6679 6731 6890 6897 6961 7164 7172 7277 7302 7474
 7545 7909]

================================================================================
GraphQL API Development
================================================================================
Rows : 1365
First : 77
Last  : 109603
Mean gap : 80.30
Median gap : 55.0
Min gap : 1
Max gap : 584

First 100 indices:
[  77  141  265  558  634  659  704  706  733  804  965 1071 1523 1606
 1728 1860 2044 2260 2267 2404 2465 2482 2510 2603 2605 2615 2754 2875
 2881 2940 2975 2991 3037 3058 3095 3215 3218 3334 3385 3387 3489 3516
 3670 3740 4007 4029 4175 4183 4310 4451 4530 4704 4798 5238 5254 5259
 5433 5542 5778 5841 5883 5982 5997 6054 6075 6238 6279 6313 6441 6514
 6516 6663 6755 7064 7123 7193 7235 7239 7551 7674 7704 7725 7785 7836
 8000 8083 8120 8216 8248 8303 8319 8342 8376 8465 8525 8533 8594 8685
 8875 8885]

================================================================================
HTML and CSS for Beginners
================================================================================
Rows : 1377
First : 146
Last  : 109344
Mean gap : 79.36
Median gap : 55.0
Min gap : 1
Max gap : 551

First 100 indices:
[ 146  212  465  652  735  817  857 1029 1032 1075 1098 1099 1112 1338
 1398 1551 1557 1605 1682 1765 1781 1828 1880 1889 1910 2357 2486 2508
 2610 2686 2719 2724 2841 2858 2869 2939 3077 3109 3131 3173 3229 3485
 3539 3614 3808 3824 3844 4025 4064 4071 4105 4128 4239 4247 4355 4365
 4371 4381 4412 4449 4450 4475 4476 4509 4514 4515 4575 4826 5181 5183
 5214 5326 5384 5440 5495 5601 5615 5774 5809 5922 6056 6065 6182 6324
 6471 6763 6799 7092 7215 7385 7390 7439 7555 7612 7856 7937 8028 8044
 8081 8166]

================================================================================
Hypothesis Testing in Practice
================================================================================
Rows : 1336
First : 142
Last  : 109629
Mean gap : 82.01
Median gap : 55.0
Min gap : 1
Max gap : 742

First 100 indices:
[ 142  178  215  364  407  426  437  478  693 1005 1082 1146 1270 1275
 1285 1411 1619 1826 1892 1928 1997 2007 2335 2420 2436 2548 2757 2765
 2879 2894 2949 2971 3049 3055 3260 3279 3302 3319 3357 3494 3639 3732
 3766 3789 3813 4083 4218 4224 4311 4411 4523 4540 4556 4632 5044 5063
 5207 5275 5300 5926 5968 6193 6204 6222 6273 6275 6405 6546 6849 6941
 6954 6974 7011 7081 7090 7093 7125 7132 7185 7311 7388 7433 7440 7486
 7520 7578 7678 7700 7798 7908 8021 8075 8435 8452 8584 8591 8612 8651
 8665 9084]

================================================================================
IoT with Raspberry Pi
================================================================================
Rows : 1442
First : 76
Last  : 109732
Mean gap : 76.10
Median gap : 52.0
Min gap : 1
Max gap : 522

First 100 indices:
[  76   79  168  339  391  491  496  516  518  609 1016 1090 1121 1190
 1237 1259 1390 1449 1571 1697 1729 1857 1893 1896 1920 2028 2228 2290
 2297 2350 2354 2402 2410 2488 2512 2590 2597 2599 2639 2663 2781 2823
 3124 3146 3152 3168 3169 3217 3251 3264 3283 3338 3372 3511 3523 3577
 3604 3967 3970 4058 4164 4320 4439 4470 4640 4833 5035 5092 5167 5177
 5192 5267 5268 5364 5375 5412 5432 5447 5488 5493 5612 5881 5931 5950
 6084 6153 6229 6269 6283 6291 6351 6411 6529 6555 6615 6619 6881 7026
 7169 7348]

================================================================================
Java Programming Basics
================================================================================
Rows : 1401
First : 223
Last  : 109617
Mean gap : 78.14
Median gap : 55.0
Min gap : 1
Max gap : 723

First 100 indices:
[ 223  251  289  313  389  443  504  603  631  697  870  944 1025 1100
 1176 1329 1433 1535 1583 1618 1738 1758 1806 1887 1891 1975 2013 2177
 2246 2247 2295 2296 2352 2440 2536 2538 2596 2699 2712 2749 2857 2864
 3062 3364 3634 3657 3741 3809 3943 4159 4334 4352 4488 4489 4531 4648
 4693 4859 5091 5095 5111 5269 5376 5557 5560 5592 5681 5979 6010 6029
 6052 6317 6399 6407 6482 6591 6599 6688 6697 6863 6869 6889 6924 6950
 7004 7010 7117 7134 7245 7251 7280 7351 7382 7593 7608 7684 7852 7881
 7917 7942]

================================================================================
JavaScript Full Stack Development
================================================================================
Rows : 1417
First : 60
Last  : 109769
Mean gap : 77.48
Median gap : 53.0
Min gap : 1
Max gap : 568

First 100 indices:
[  60  108  158  165  358  390  395  624  661  767  775  851  968 1033
 1060 1111 1174 1378 1534 1588 1639 1650 1709 1739 1745 1815 1863 1871
 2008 2017 2201 2206 2376 2422 2481 2485 2733 2735 2921 2932 3073 3096
 3199 3285 3289 3335 3379 3400 3503 3573 3671 3680 3684 3735 3985 4107
 4110 4112 4234 4273 4319 4323 4383 4416 4446 4474 4584 4619 4682 4886
 5056 5069 5171 5228 5235 5322 5595 5655 5695 5769 5855 5869 5910 5919
 6069 6122 6185 6190 6444 6479 6738 6804 6851 6879 6903 7060 7139 7158
 7249 7308]

================================================================================
JavaScript Fundamentals
================================================================================
Rows : 1363
First : 82
Last  : 109620
Mean gap : 80.42
Median gap : 55.0
Min gap : 1
Max gap : 664

First 100 indices:
[  82  314  334  423  469  498  591  707  832  993  999 1160 1163 1261
 1333 1342 1554 1613 1633 1678 1769 1808 2027 2082 2103 2173 2320 2338
 2653 2665 2737 2775 2776 2778 2812 2937 2995 3069 3107 3315 3477 3480
 3514 3551 3760 3946 3965 4065 4205 4214 4270 4567 4685 4831 4845 4862
 4989 5002 5026 5037 5043 5054 5096 5098 5119 5513 5727 5894 5991 6020
 6188 6246 6257 6260 6267 6303 6428 6473 6566 6635 6660 6927 7005 7023
 7089 7397 7432 7604 7619 7701 7718 7801 7840 7864 7956 8116 8192 8301
 8372 8433]

================================================================================
Kubernetes Orchestration
================================================================================
Rows : 1378
First : 147
Last  : 109699
Mean gap : 79.56
Median gap : 54.0
Min gap : 1
Max gap : 577

First 100 indices:
[ 147  211  333  552  569  578  679  740  818  833  892  908  910  954
 1028 1034 1107 1114 1193 1323 1332 1419 1432 1494 1499 1521 1526 1761
 1772 2036 2049 2222 2426 2475 2483 2586 2635 2664 2681 2873 2904 2931
 3022 3092 3321 3326 3449 3469 3540 3765 3848 3889 3901 3909 4030 4066
 4073 4169 4184 4219 4314 4321 4336 4428 4452 4478 4711 4717 4756 4767
 4846 4942 4949 5143 5149 5237 5316 5402 5418 5605 5722 5756 5790 5915
 5993 5999 6143 6305 6354 6366 6437 6448 6503 6563 6726 6895 6913 6959
 6969 7161]

================================================================================
Linear Algebra for Machine Learning
================================================================================
Rows : 1424
First : 20
Last  : 109399
Mean gap : 76.87
Median gap : 53.0
Min gap : 1
Max gap : 729

First 100 indices:
[  20  203  492  600  789  795  901  930  996 1012 1172 1343 1362 1491
 1734 2021 2086 2122 2193 2364 2416 2455 2470 2492 2498 2533 2722 2818
 3065 3085 3221 3244 3447 3488 3531 3556 3781 3800 4016 4231 4286 4343
 4379 4389 4417 4429 4445 4594 4689 4815 4965 5068 5127 5308 5512 5524
 5570 5642 5757 5846 5892 5921 5949 6028 6078 6108 6139 6249 6575 6577
 6584 6689 6705 6723 6768 6874 7108 7127 7201 7217 7267 7380 7400 7589
 7632 7738 7788 7795 7910 8231 8235 8323 8449 8458 8658 8767 8840 8911
 9030 9087]

================================================================================
Linux Command Line Essentials
================================================================================
Rows : 1386
First : 29
Last  : 109586
Mean gap : 79.10
Median gap : 55.0
Min gap : 1
Max gap : 623

First 100 indices:
[  29  287  474  490  501  508  605  628  856  878  998 1144 1182 1225
 1228 1255 1358 1363 1384 1393 1444 1472 1507 1548 2096 2225 2378 2395
 2400 2439 2580 2797 2962 3167 3231 3236 3272 3313 3332 3402 3429 3463
 3570 3757 3835 3864 3910 4292 4295 4442 4609 4647 4681 4791 4814 4944
 5015 5065 5261 5283 5284 5370 5385 5387 5450 5511 5535 5589 5591 5656
 5677 6248 6422 6463 6598 6625 6852 6932 6946 7019 7045 7047 7067 7178
 7184 7252 7256 7335 7452 7472 7494 7583 7607 7650 7673 7746 7783 7796
 7951 7986]

================================================================================
MLOps and Model Deployment
================================================================================
Rows : 1363
First : 28
Last  : 109725
Mean gap : 80.54
Median gap : 58.0
Min gap : 1
Max gap : 541

First 100 indices:
[  28  249  250  322  410  419  637  678  684  762  784  814  862  936
 1209 1368 1397 1435 1485 1652 1751 1844 1961 1969 2014 2085 2160 2200
 2293 2298 2314 2327 2351 2874 2927 3258 3263 3295 3370 3424 3550 3572
 3610 3699 3712 3730 3876 3933 3962 4070 4130 4138 4252 4253 4265 4378
 4473 4751 4772 4795 4855 4897 4972 5031 5194 5244 5302 5407 5448 5575
 5752 5831 6009 6025 6121 6244 6373 6414 6519 6559 6761 6902 7272 7332
 7341 7387 7563 7568 7675 7753 7766 7828 7931 8040 8123 8156 8241 8299
 8306 8388]

================================================================================
Machine Learning Fundamentals
================================================================================
Rows : 1382
First : 32
Last  : 109739
Mean gap : 79.44
Median gap : 56.0
Min gap : 1
Max gap : 474

First 100 indices:
[  32   37   89  246  277  344  355  370  422  502  564  912 1018 1105
 1198 1394 1479 1487 1508 1515 1522 1559 1653 1659 1723 1782 1836 1841
 1941 1982 1985 2056 2101 2198 2209 2249 2266 2425 2506 2614 2619 2743
 2788 2950 2954 3001 3026 3033 3115 3163 3187 3247 3266 3268 3304 3342
 3344 3438 3536 3574 3611 3927 3976 3979 4088 4297 4362 4375 4472 4562
 4569 4574 4576 4591 4622 4636 4641 4732 4744 4796 4869 4920 4941 5131
 5257 5274 5397 5606 5666 5676 5808 5865 5996 6005 6160 6189 6227 6266
 6278 6361]

================================================================================
Modern JavaScript ES6 Plus
================================================================================
Rows : 1360
First : 84
Last  : 109740
Mean gap : 80.69
Median gap : 58.0
Min gap : 1
Max gap : 956

First 100 indices:
[  84  181  239  269  549  695  700  725  831 1161 1206 1212 1256 1403
 1578 1647 1977 2121 2401 2454 2495 2532 2617 2944 2970 2974 3156 3209
 3427 3456 3478 3631 3660 3805 4020 4149 4154 4341 4499 4553 4566 4706
 4757 4924 4959 4973 4980 4993 5028 5107 5218 5230 5419 5437 5446 5485
 5563 5719 5818 5887 5917 5961 5987 6050 6061 6105 6163 6179 6309 6353
 6696 6706 6739 6861 6977 7141 7197 7212 7281 7316 7334 7412 7504 7564
 7808 7812 7829 7831 7838 7843 7870 7961 7966 8009 8071 8204 8211 8418
 8511 8523]

================================================================================
MongoDB for Developers
================================================================================
Rows : 1374
First : 49
Last  : 109736
Mean gap : 79.89
Median gap : 58.0
Min gap : 1
Max gap : 593

First 100 indices:
[  49   53   99  272  315  411  614  830 1019 1233 1258 1355 1438 1461
 1544 1670 1746 1847 1876 2046 2232 2242 2272 2434 2476 2500 2621 2652
 2729 2731 2758 2916 2976 3003 3166 3181 3220 3307 3356 3359 3369 3474
 3761 3767 3791 3862 3973 4019 4036 4196 4278 4358 4627 4679 4768 4810
 4929 4964 5116 5150 5173 5321 5408 5478 5718 5736 5786 5861 5901 6039
 6049 6198 6223 6296 6477 6493 6507 6521 6640 6656 6686 6828 6904 6914
 6949 7001 7025 7037 7202 7234 7366 7437 7442 7771 7816 7824 7861 7875
 7886 7894]

================================================================================
Natural Language Processing
================================================================================
Rows : 1321
First : 220
Last  : 109753
Mean gap : 82.98
Median gap : 59.0
Min gap : 1
Max gap : 643

First 100 indices:
[ 220  293  336  397  420  513  517  627  810  843  849  983 1335 1371
 1421 1460 1492 1516 1582 1634 1656 1770 1816 1819 1823 1926 2016 2083
 2142 2226 2269 2326 2353 2407 2478 2517 2551 2640 2666 2717 2919 2942
 2978 3046 3057 3111 3373 3509 3598 4013 4069 4087 4503 4577 4613 4617
 4631 4733 4760 4868 4899 5000 5059 5123 5174 5249 5258 5318 5335 5768
 6032 6130 6135 6136 6192 6277 6335 6375 6672 6834 6868 6909 6965 7062
 7278 7405 7464 7533 7575 7645 7660 7750 8030 8105 8154 8249 8275 8325
 8353 8366]

================================================================================
Node.js Backend Development
================================================================================
Rows : 1427
First : 105
Last  : 109281
Mean gap : 76.56
Median gap : 55.0
Min gap : 1
Max gap : 677

First 100 indices:
[ 105  210  306  329  441  550 1038 1044 1214 1243 1254 1366 1405 1504
 1509 1518 1537 1541 1550 1740 1748 1838 1956 1973 2012 2144 2178 2313
 2325 2417 2566 2568 2764 2790 2902 3082 3101 3298 3413 3538 3668 3689
 3764 3846 3915 3961 4015 4041 4079 4251 4337 4423 4597 4645 4695 4748
 4778 4789 4931 5005 5121 5140 5224 5345 5603 5614 5624 5625 5633 5751
 5928 5984 6067 6087 6156 6170 6220 6432 6487 6530 6556 6573 6683 6687
 6740 6798 6809 6882 7009 7096 7110 7124 7238 7304 7331 7367 7372 7566
 7634 7993]

================================================================================
PostgreSQL Database Design
================================================================================
Rows : 1366
First : 6
Last  : 109721
Mean gap : 80.38
Median gap : 56.0
Min gap : 1
Max gap : 748

First 100 indices:
[   6   47   68  154  193  196  197  297  398  435  446  527  534  629
  669  731  756  855  863  899  952 1131 1194 1202 1242 1347 1383 1426
 1517 1801 1894 1935 1942 1947 1958 2052 2092 2107 2180 2255 2435 2588
 2595 2658 2726 2727 2772 2783 2805 2892 2961 2999 3052 3059 3066 3114
 3165 3223 3249 3415 3460 3583 3585 3708 3718 3783 3894 3936 3950 4142
 4150 4229 4516 4697 4709 4740 4854 4906 4910 4925 4946 4988 5081 5085
 5086 5166 5330 5443 5453 5460 5598 5646 5674 5685 5703 5792 5886 5964
 5966 6015]

================================================================================
Power BI Dashboard Creation
================================================================================
Rows : 1407
First : 71
Last  : 109758
Mean gap : 78.01
Median gap : 58.0
Min gap : 1
Max gap : 621

First 100 indices:
[  71   86  156  179  224  438  442  495  497  611  648  685  772  773
  785  873  885  898  902  926  994  995 1159 1196 1197 1224 1264 1379
 1474 1658 1686 1693 1707 1855 1930 1972 2004 2009 2066 2147 2303 2361
 2587 2811 2821 2832 2987 3032 3103 3118 3143 3158 3164 3275 3343 3409
 3484 3561 3621 3633 3698 3935 4017 4068 4114 4117 4194 4222 4275 4277
 4353 4507 4610 4633 4651 4703 4714 4728 4809 4932 4983 5083 5099 5209
 5373 5403 5445 5452 5538 5565 5811 5833 5844 5875 6060 6093 6110 6187
 6297 6328]

================================================================================
Probability and Statistics
================================================================================
Rows : 1346
First : 21
Last  : 109775
Mean gap : 81.60
Median gap : 59.0
Min gap : 1
Max gap : 463

First 100 indices:
[  21   63  207  262  384  440  589  658  677  730  774  777 1077 1081
 1133 1166 1279 1328 1420 1431 1456 1459 1657 1839 2062 2077 2343 2503
 2636 2752 2810 2960 3276 3294 3609 3624 3745 3832 3847 3941 4075 4200
 4202 4315 4409 4544 4586 4592 4635 4865 5221 5313 5314 5369 5496 5531
 5661 5794 5835 5925 6011 6088 6132 6166 6178 6289 6412 6439 6454 6495
 6499 6506 6518 6540 6631 6634 6813 6910 6943 7043 7070 7175 7225 7354
 7588 7697 7699 7873 7889 7897 8103 8117 8315 8336 8437 8471 8502 8504
 8534 8542]

================================================================================
Python Automation and Scripting
================================================================================
Rows : 1351
First : 36
Last  : 109754
Mean gap : 81.27
Median gap : 56.0
Min gap : 1
Max gap : 549

First 100 indices:
[  36  113  131  393  425  466  557  613  776  780  853  941 1178 1230
 1246 1336 1519 1689 1898 1911 2243 2245 2391 2513 2563 2784 2820 2984
 3020 3120 3177 3188 3384 3425 3515 3826 3858 3903 3939 4118 4140 4266
 4330 4420 4486 4497 4548 4888 4926 5004 5029 5097 5276 5298 5503 5543
 5594 5608 5609 5629 5709 5746 5767 5814 5821 5826 5898 6082 6450 6466
 6570 6610 6692 6920 6982 7113 7167 7230 7359 7409 7449 7525 7549 7742
 7913 7952 7974 8282 8310 8439 8715 8917 9045 9076 9110 9178 9204 9260
 9327 9493]

================================================================================
Python OOP Concepts
================================================================================
Rows : 1377
First : 189
Last  : 109671
Mean gap : 79.57
Median gap : 54.5
Min gap : 1
Max gap : 508

First 100 indices:
[ 189  310  570  668  768 1023 1052 1365 1424 1610 1663 1700 1779 1811
 1843 1862 1957 2064 2105 2259 2302 2560 2662 2745 2769 2878 2886 2912
 3074 3119 3174 3235 3254 3278 3325 3506 3508 3578 3729 3751 3792 3998
 4119 4129 4132 4185 4228 4279 4349 4357 4639 4688 4747 4786 4938 5003
 5012 5053 5064 5263 5285 5425 5466 5479 5494 5628 5650 5700 5914 5981
 6007 6038 6066 6168 6225 6264 6272 6396 6459 6475 6835 6839 6854 6901
 6907 6921 7228 7309 7329 7406 7553 7586 7830 7947 8052 8132 8158 8261
 8297 8440]

================================================================================
Python Programming Masterclass
================================================================================
Rows : 1346
First : 138
Last  : 109589
Mean gap : 81.38
Median gap : 57.0
Min gap : 1
Max gap : 539

First 100 indices:
[ 138  162  216  226  275  413  428  477  553  573  816  894 1059 1110
 1139 1208 1210 1278 1408 1454 1488 1831 1886 2038 2051 2115 2129 2145
 2283 2428 2557 2558 2585 2642 3072 3232 3286 3351 3434 3618 3695 3697
 3722 3763 3823 3834 3868 3974 4052 4089 4331 4464 4505 4559 4643 4718
 4877 4912 4992 5048 5246 5371 5399 5508 5607 5686 5992 6037 6081 6116
 6200 6346 6552 6590 6596 6730 6783 7077 7104 7115 7187 7262 7293 7326
 7562 7581 7643 7712 7717 7802 7827 7833 7868 8020 8080 8110 8164 8339
 8443 8578]

================================================================================
Python for Absolute Beginners
================================================================================
Rows : 1336
First : 3
Last  : 109735
Mean gap : 82.20
Median gap : 55.0
Min gap : 1
Max gap : 600

First 100 indices:
[   3    8  290  323  338  371  405  462  546  826  925  985 1027 1120
 1136 1151 1282 1660 1747 1757 1760 1786 1856 1909 1929 1963 2018 2069
 2089 2130 2181 2284 2299 2332 2406 2535 2559 2562 2667 2695 2720 2827
 2941 2996 3190 3353 3363 3453 3471 3519 3555 3567 3646 3647 3744 3774
 3796 3822 3928 3971 4059 4102 4238 4240 4326 4461 4491 4579 4604 4699
 4731 4963 5390 5431 5640 5691 5852 5884 5946 6043 6095 6202 6359 6383
 6443 6701 6952 6987 6993 6996 7061 7176 7254 7410 7509 7526 7740 7749
 7759 8091]

================================================================================
Python for Data Science
================================================================================
Rows : 1331
First : 149
Last  : 109731
Mean gap : 82.39
Median gap : 56.0
Min gap : 1
Max gap : 548

First 100 indices:
[ 149  163  199  208  309  363  911  967 1040 1118 1158 1543 1593 1597
 1607 1632 1690 1787 1803 1864 1994 1999 2133 2179 2183 2217 2360 2464
 2514 2542 2607 2676 2780 2787 2852 2947 3043 3093 3122 3149 3297 3317
 3330 3374 3495 3521 3658 3711 3771 3853 3949 3968 4173 4195 4348 4427
 4587 4730 4852 4889 4967 5062 5122 5128 5206 5256 5350 5571 5599 5641
 5771 5796 5867 6091 6101 6234 6261 6410 6469 6496 6644 6805 6846 6860
 7190 7261 7290 7292 7324 7336 7371 7495 7720 7773 7866 7898 8092 8153
 8207 8308]

================================================================================
REST API Design Principles
================================================================================
Rows : 1342
First : 151
Last  : 109741
Mean gap : 81.72
Median gap : 58.0
Min gap : 1
Max gap : 429

First 100 indices:
[ 151  195  326  433  651  654  699  714 1014 1188 1281 1413 1468 1553
 1642 1724 1868 1903 1944 1945 2163 2236 2248 2412 2545 2553 2612 2668
 2744 2909 2917 2943 3067 3130 3145 3154 3252 3256 3587 3592 3696 3724
 3811 3818 3831 3873 4049 4092 4134 4209 4244 4390 4400 4425 4487 4529
 4664 4673 4684 4758 4800 4970 5013 5072 5204 5393 5458 5553 5582 5634
 5699 5717 5849 5911 5918 5973 6030 6072 6102 6341 6372 6393 6402 6525
 6528 6585 6603 6607 6716 6733 6787 6842 6899 7063 7236 7276 7365 7377
 7417 7543]

================================================================================
React Native Mobile Development
================================================================================
Rows : 1402
First : 0
Last  : 109771
Mean gap : 78.35
Median gap : 55.0
Min gap : 1
Max gap : 668

First 100 indices:
[   0   11   93  116  182  235  243  259  311  543  612  688  835  937
  948  971  977 1011 1092 1094 1134 1207 1268 1361 1389 1410 1457 1546
 1688 1897 1933 1950 1951 2078 2155 2214 2231 2307 2381 2518 2574 2669
 2691 2700 2829 2913 3132 3196 3328 3388 3507 3517 3537 3701 3756 3773
 3784 3881 3914 3983 4309 4410 4501 4502 4519 4595 4668 4700 4799 4849
 4975 4976 5234 5248 5287 5381 5444 5483 5622 5649 5701 5806 5837 5871
 5891 5924 6344 6782 6937 7049 7105 7162 7339 7347 7398 7489 7503 7599
 7849 7912]

================================================================================
React.js Development
================================================================================
Rows : 1313
First : 18
Last  : 109723
Mean gap : 83.62
Median gap : 59.0
Min gap : 1
Max gap : 814

First 100 indices:
[  18  231  245  268  273  380  394  515  535  559  642  701  719  781
  915 1037 1083 1181 1304 1309 1319 1463 1484 1486 1589 1667 1676 1713
 1825 2003 2088 2090 2091 2148 2159 2195 2244 2539 2578 2659 2958 2992
 3007 3193 3445 3678 3682 3716 3779 4152 4156 4215 4250 4271 4281 4298
 4317 4443 4457 4504 4702 4863 4893 5047 5155 5232 5520 5672 5834 5906
 5953 5978 6022 6131 6134 6196 6651 6962 7033 7083 7481 7587 7638 7676
 7721 7899 8017 8033 8082 8134 8171 8274 8286 8296 8340 8565 8808 8954
 9005 9152]

================================================================================
Redis Caching Strategies
================================================================================
Rows : 1321
First : 112
Last  : 109708
Mean gap : 83.03
Median gap : 60.0
Min gap : 1
Max gap : 611

First 100 indices:
[ 112  177  318  399  507  608  769  834  846  874  940 1150 1229 1244
 1622 1703 1730 1802 1849 1934 2076 2079 2213 2254 2263 2304 2311 2383
 2384 2524 2698 2850 3031 3087 3189 3311 3333 3404 3448 3606 3608 3616
 3999 4099 4124 4136 4137 4190 4198 4216 4254 4299 4403 4485 4589 4763
 4953 4984 5042 5076 5102 5280 5361 5391 5509 5602 5706 5766 5783 5803
 5934 5958 6140 6167 6287 6449 6616 6722 6724 6743 6793 6870 6929 7032
 7035 7143 7159 7181 7268 7358 7606 7818 7819 8048 8073 8188 8223 8255
 8288 8332]

================================================================================
Reinforcement Learning Basics
================================================================================
Rows : 1325
First : 72
Last  : 109728
Mean gap : 82.82
Median gap : 56.5
Min gap : 1
Max gap : 627

First 100 indices:
[  72  101  164  276  354  544  560  686  793  798 1291 1388 1448 1623
 1756 1833 2042 2094 2210 2241 2366 2456 2497 2654 2684 2748 2956 3110
 3129 3230 3269 3341 3397 3426 3553 3683 3887 4082 4122 4241 4249 4290
 4422 4552 4596 4808 4824 4837 4895 4945 5106 5160 5188 5217 5247 5272
 5294 5487 5504 5715 5788 5801 5824 5860 5929 6018 6097 6111 6259 6270
 6312 6384 6447 6541 6593 6643 6764 6960 7131 7264 7289 7436 7515 7591
 7629 7710 8041 8056 8088 8371 8397 8668 8784 8952 9031 9158 9187 9208
 9215 9268]

================================================================================
Responsive Web Design
================================================================================
Rows : 1409
First : 13
Last  : 109760
Mean gap : 77.95
Median gap : 52.0
Min gap : 1
Max gap : 533

First 100 indices:
[  13   33   40  150  204  476  554  749  808  895 1063 1130 1203 1276
 1306 1349 1545 1715 1720 1754 1755 1873 1995 2109 2111 2153 2467 2516
 2813 2849 2926 3000 3047 3178 3291 3593 3622 3688 3969 4072 4078 4100
 4197 4236 4384 4399 4670 4746 4822 4979 4995 5108 5187 5301 5317 5436
 5526 5576 5600 5623 5762 5989 6063 6071 6106 6340 6470 6611 6617 6802
 6815 6983 7027 7031 7052 7099 7157 7248 7333 7396 7418 7476 7601 7623
 7672 7687 7765 7800 7869 7920 7954 7997 8022 8141 8163 8221 8244 8300
 8546 8561]

================================================================================
SQL for Beginners
================================================================================
Rows : 1422
First : 48
Last  : 109773
Mean gap : 77.22
Median gap : 53.0
Min gap : 1
Max gap : 722

First 100 indices:
[  48  159  192  253  458  556  577  618  641  786  788  809  824 1241
 1324 1330 1498 1506 1625 1628 1664 1736 1777 1800 1917 1921 1924 1968
 1980 2020 2039 2117 2184 2347 2359 2363 2494 2570 2687 2734 2779 2815
 2816 2839 2924 2946 2989 3004 3008 3051 3365 3406 3548 3571 3597 3603
 3797 3900 3917 4045 4148 4233 4288 4300 4494 4853 4907 4966 5022 5077
 5087 5359 5386 5439 5585 5874 5967 6090 6237 6400 6524 6547 6600 6601
 6645 6676 6703 6893 6912 6915 6919 7015 7198 7322 7570 7603 7605 7611
 7781 7806]

================================================================================
Smart Contract Programming with Solidity
================================================================================
Rows : 1368
First : 19
Last  : 109480
Mean gap : 80.07
Median gap : 55.0
Min gap : 1
Max gap : 620

First 100 indices:
[  19  379  676  739  741  822  859  866  974 1001 1004 1030 1102 1205
 1232 1267 1416 1584 1630 1685 1717 1731 1835 1865 1870 1882 1988 2190
 2315 2382 2502 2584 2627 2637 2655 2773 2777 2914 2959 3053 3113 3138
 3200 3472 3769 3890 3934 4204 4211 4227 4361 4363 4453 4710 4725 4766
 4790 4887 5073 5089 5165 5344 5353 5406 5424 5782 5789 5862 5955 5965
 6219 6316 6343 6394 6424 6485 6508 6533 6583 6620 6655 6823 6873 6887
 7013 7147 7229 7337 7429 7537 7590 7682 7711 7940 7968 8209 8234 8495
 8524 8529]

================================================================================
Statistical Analysis with R
================================================================================
Rows : 1402
First : 27
Last  : 109706
Mean gap : 78.29
Median gap : 55.0
Min gap : 1
Max gap : 819

First 100 indices:
[  27   35  117  120  244  248  274  335  340  470  638  655  717  744
  827  841  844  943  953  969  981 1153 1164 1185 1191 1308 1375 1429
 1430 1446 1469 1470 1665 1668 2005 2060 2118 2134 2229 2342 2387 2421
 2430 2447 2530 2573 2575 2616 2641 2643 2680 2770 2853 2877 2890 2911
 3048 3303 3428 3542 3653 3692 3870 4006 4021 4131 4296 4377 4419 4535
 4561 4585 4683 4829 4876 4898 4991 4996 5017 5078 5180 5197 5490 5544
 5651 5662 5665 5689 5779 5853 5986 6017 6045 6119 6127 6138 6148 6215
 6243 6362]

================================================================================
Supervised Learning Algorithms
================================================================================
Rows : 1360
First : 261
Last  : 109722
Mean gap : 80.55
Median gap : 57.0
Min gap : 1
Max gap : 526

First 100 indices:
[ 261  264  281  285  369  431  562  568  580  633  682  712  750  766
  783 1061 1096 1215 1312 1464 1473 1641 1737 1992 2022 2196 2239 2257
 2322 2341 2379 2432 2433 2499 2504 2520 2594 2693 2713 2817 2859 2929
 3041 3117 3250 3267 3386 3441 3442 3451 3473 3483 3520 3594 3754 4160
 4180 4210 4433 4554 4861 4896 4928 5001 5008 5041 5389 5435 5895 5912
 5947 6315 6325 6334 6416 6467 6627 6709 6719 6741 6789 6853 7014 7116
 7145 7180 7206 7284 7345 7408 7512 7595 7655 7858 8097 8108 8251 8320
 8547 8630]

================================================================================
Tableau for Business Analytics
================================================================================
Rows : 1312
First : 38
Last  : 109765
Mean gap : 83.70
Median gap : 57.0
Min gap : 1
Max gap : 740

First 100 indices:
[  38  258  598  962 1050 1088 1137 1177 1189 1360 1649 1784 1916 2139
 2162 2165 2172 2262 2374 2449 2519 2529 2600 2660 2673 2755 2910 3038
 3076 3171 3175 3368 3383 3466 3566 3667 3674 3721 3747 3799 4008 4272
 4366 4373 4376 4436 4448 4568 4605 4662 4667 4739 4782 4880 4891 5132
 5289 5423 5532 5554 5684 5850 5932 5983 6008 6027 6295 6453 6481 6490
 6526 6580 6604 6614 6702 6747 6810 6864 6947 7078 7102 7111 7135 7247
 7307 7328 7376 7419 7431 7600 7657 7981 7988 8370 8379 8391 8403 8506
 8527 8531]

================================================================================
Time Series Analysis
================================================================================
Rows : 1411
First : 238
Last  : 109465
Mean gap : 77.47
Median gap : 55.0
Min gap : 1
Max gap : 576

First 100 indices:
[ 238  473  526  528  623  702  745  986 1003 1022 1223 1407 1581 1643
 1687 1771 1793 1799 1824 1829 1913 2074 2358 2367 2623 2674 2721 2885
 2907 2934 3016 3139 3234 3240 3243 3352 3410 3504 3655 3869 3879 3906
 4040 4062 4237 4369 4437 4570 4676 4721 4729 4741 4775 4807 4936 5066
 5070 5079 5120 5162 5311 5377 5536 5547 5548 5627 5648 5668 5696 5759
 5819 5820 5916 5977 6044 6058 6059 6080 6113 6254 6461 6561 6848 6971
 7150 7163 7179 7263 7318 7344 7427 7508 7528 7706 7731 7758 7789 7855
 7900 7923]

================================================================================
Transfer Learning and Fine-tuning
================================================================================
Rows : 1304
First : 279
Last  : 109744
Mean gap : 84.01
Median gap : 56.0
Min gap : 1
Max gap : 557

First 100 indices:
[ 279  434  545  622  683  713  928  932 1103 1109 1175 1179 1235 1236
 1274 1289 1345 1401 1569 1576 1586 1704 1752 1908 1912 2055 2072 2233
 2285 2328 2346 2521 2593 2679 2893 2900 3012 3153 3203 3245 3345 3381
 3398 3534 3615 3775 3852 3966 3986 4206 4282 4408 4658 4690 4698 4835
 4878 5019 5045 5071 5124 5200 5262 5463 5567 5637 5827 5843 5854 5888
 5907 5960 6074 6089 6207 6235 6320 6491 6520 6669 6792 6812 6876 6888
 6944 7079 7130 7226 7415 7422 7567 7617 7768 7848 7872 7959 7964 8142
 8181 8276]

================================================================================
TypeScript for Developers
================================================================================
Rows : 1424
First : 15
Last  : 109642
Mean gap : 77.04
Median gap : 55.0
Min gap : 1
Max gap : 631

First 100 indices:
[  15  102  505  582  632  736 1149 1173 1299 1327 1350 1447 1490 1679
 1809 1840 1955 1960 1966 2182 2197 2203 2258 2274 2281 2398 2457 2547
 2634 2702 2736 2795 2925 2964 2968 2988 3423 3498 3562 3617 3652 3672
 3755 3758 3793 3810 3838 3840 3942 3952 4037 4085 4155 4199 4285 4322
 4359 4405 4551 4607 4776 4803 4804 4834 4882 4981 5007 5016 5024 5061
 5088 5125 5126 5159 5210 5243 5482 5492 5522 5588 5739 5742 5798 5802
 5856 5896 5904 5935 6031 6146 6211 6217 6258 6293 6330 6539 6641 6725
 6732 7034]

================================================================================
Unsupervised Learning Techniques
================================================================================
Rows : 1371
First : 2
Last  : 109772
Mean gap : 80.12
Median gap : 56.0
Min gap : 1
Max gap : 579

First 100 indices:
[   2   70  233  331  432  673  742  806  807 1049 1135 1265 1302 1391
 1455 1547 1577 1611 1699 1762 1986 2043 2081 2100 2253 2280 2308 2339
 2380 2453 2703 2738 2740 3017 3194 3377 3380 3467 3560 3582 3709 3749
 3841 3925 3931 3953 4074 4144 4367 4659 4838 4911 4934 4948 5075 5105
 5213 5392 5545 5577 5613 5687 5723 5731 5863 5877 5885 5976 6144 6233
 6255 6274 6360 6386 6438 6464 6588 6675 6682 6749 6753 6765 6818 6821
 6898 7038 7389 7399 7413 7428 7498 7522 7626 7668 7755 7786 7837 7854
 7890 8011]

================================================================================
Vue.js for Beginners
================================================================================
Rows : 1374
First : 90
Last  : 109649
Mean gap : 79.80
Median gap : 55.0
Min gap : 1
Max gap : 894

First 100 indices:
[  90  153  169  278  316  320  321  347  452  540  884  988 1024 1216
 1317 1354 1669 1716 1744 1759 1792 1881 1888 1914 2019 2175 2264 2321
 2468 2469 2544 2814 2837 2848 2856 3005 3201 3208 3253 3458 3505 3528
 3685 3737 3787 3795 3923 4003 4060 4084 4176 4235 4274 4612 4621 4769
 4847 4864 4875 4879 4901 4969 5050 5176 5184 5286 5469 5473 5725 5800
 5804 5864 5998 6240 6276 6331 6357 6385 6595 6713 6714 6791 6795 6796
 7068 7156 7266 7312 7363 7454 7695 7736 7770 7911 7929 7941 7943 8067
 8410 8544]

================================================================================
iOS App Development with Swift
================================================================================
Rows : 1312
First : 41
Last  : 109745
Mean gap : 83.68
Median gap : 56.0
Min gap : 1
Max gap : 795

First 100 indices:
[  41   75  104  129  188  327  386  656  758  868  963 1222 1476 1528
 1701 1735 1776 1946 2041 2061 2208 2279 2393 2429 2460 2477 2583 2646
 2657 2704 2786 2836 2867 2883 2922 2967 3002 3044 3126 3183 3510 3525
 3535 3557 3580 3619 3638 3651 3700 3880 3897 3948 3956 4076 4098 4145
 4347 4387 4406 4510 4564 4565 4598 4656 4736 4764 4828 4836 5023 5060
 5094 5296 5323 5363 5404 5442 5480 5501 5539 5658 5694 6216 6413 6581
 6646 6759 6772 6780 6811 6963 6979 7036 7214 7325 7430 7458 7557 7620
 7752 7842]

